 PDE 2017 11 19 15  9  2.90 -21.5000  168.6000  13.0 6.5 6.6 LOYALTY ISLANDS
event name:     201711191509A
time shift:      6.2697
half duration:   4.2000
latitude:      -21.4400
longitude:     168.5500
depth:          12.0000
Mrr:      -8.223350e+25
Mtt:       3.037334e+25
Mpp:       5.186016e+25
Mrt:      -2.891436e+24
Mrp:       2.413951e+25
Mtp:      -3.833142e+25
